solution,status,score,relative_score,%test passed,time,memory,subtask_0,subtask_1,subtask_10,subtask_2,subtask_3,subtask_4,subtask_5,subtask_6,subtask_7,subtask_8,subtask_9
opening_offices_Qwen3-4B_0.cpp,MEMORY_LIMIT_EXCEEDED,18,18.00%,19.67%,1.050,2388.125,0,0,0,0,9,0,9,0,0,0,0
opening_offices_Qwen3-4B_1.cpp,MEMORY_LIMIT_EXCEEDED,0,0.00%,0.00%,1.060,2387.60546875,0,0,0,0,0,0,0,0,0,0,0
opening_offices_Qwen3-4B_2.cpp,MEMORY_LIMIT_EXCEEDED,0,0.00%,9.84%,0.960,2323.15234375,0,0,0,0,0,0,0,0,0,0,0
opening_offices_Qwen3-4B_3.cpp,TIME_LIMIT_EXCEEDED,0,0.00%,1.64%,1.250,59.5625,0,0,0,0,0,0,0,0,0,0,0
opening_offices_Qwen3-4B_4.cpp,RUNTIME_ERROR,0,0.00%,4.92%,0.170,58.26953125,0,0,0,0,0,0,0,0,0,0,0
opening_offices_Qwen3-4B_5.cpp,COMPILATION_ERROR,0,0.00%,0.00%,0.000,0,0,0,0,0,0,0,0,0,0,0,0
opening_offices_Qwen3-4B_6.cpp,COMPILATION_ERROR,0,0.00%,0.00%,0.000,0,0,0,0,0,0,0,0,0,0,0,0
opening_offices_Qwen3-4B_7.cpp,MEMORY_LIMIT_EXCEEDED,9,9.00%,9.84%,1.030,2401.26953125,0,0,0,0,9,0,0,0,0,0,0
