solution,status,score,relative_score,%test passed,time,memory,subtask_1,subtask_2,subtask_3,subtask_4,subtask_5
islandalliances_deepseek-reasoner_0.cpp,ACCEPTED,100,100.00%,100.00%,0.450,21.6640625,15,17,20,23,25
islandalliances_deepseek-reasoner_1.cpp,ACCEPTED,100,100.00%,100.00%,0.430,21.6640625,15,17,20,23,25
islandalliances_deepseek-reasoner_2.cpp,ACCEPTED,100,100.00%,100.00%,0.520,25.64453125,15,17,20,23,25
islandalliances_deepseek-reasoner_3.cpp,ACCEPTED,100,100.00%,100.00%,0.430,21.6640625,15,17,20,23,25
islandalliances_deepseek-reasoner_4.cpp,ACCEPTED,100,100.00%,100.00%,0.460,21.9921875,15,17,20,23,25
islandalliances_deepseek-reasoner_5.cpp,ACCEPTED,100,100.00%,100.00%,0.430,21.6640625,15,17,20,23,25
islandalliances_deepseek-reasoner_6.cpp,ACCEPTED,100,100.00%,100.00%,0.460,22.4375,15,17,20,23,25
islandalliances_deepseek-reasoner_7.cpp,ACCEPTED,100,100.00%,100.00%,0.350,21.40625,15,17,20,23,25
