solution,status,score,relative_score,%test passed,time,memory,subtask_0,subtask_1,subtask_2,subtask_3,subtask_4,subtask_5,subtask_6
travel_gpt-oss-20b-low_0.cpp,RUNTIME_ERROR,0,0.00%,0.00%,0.240,35.58984375,0,0,0,0,0,0,0
travel_gpt-oss-20b-low_1.cpp,RUNTIME_ERROR,0,0.00%,1.20%,0.270,61.10546875,0,0,0,0,0,0,0
travel_gpt-oss-20b-low_2.cpp,RUNTIME_ERROR,0,0.00%,0.00%,0.270,39.453125,0,0,0,0,0,0,0
travel_gpt-oss-20b-low_3.cpp,RUNTIME_ERROR,0,0.00%,3.57%,0.340,62.35546875,0,0,0,0,0,0,0
travel_gpt-oss-20b-low_4.cpp,TIME_LIMIT_EXCEEDED,20,20.00%,29.41%,1.220,33.78125,10,10,0,0,0,0,0
travel_gpt-oss-20b-low_5.cpp,RUNTIME_ERROR,0,0.00%,0.00%,0.340,66.3515625,0,0,0,0,0,0,0
travel_gpt-oss-20b-low_6.cpp,RUNTIME_ERROR,0,0.00%,3.57%,0.470,355.53125,0,0,0,0,0,0,0
travel_gpt-oss-20b-low_7.cpp,RUNTIME_ERROR,0,0.00%,0.00%,0.250,37.65234375,0,0,0,0,0,0,0
