solution,status,score,relative_score,%test passed,time,memory,subtask_0,subtask_1,subtask_10,subtask_2,subtask_3,subtask_4,subtask_5,subtask_6,subtask_7,subtask_8,subtask_9
silver_Pareidolia_gpt-oss-120b-low_0.cpp,ACCEPTED,333,100.91%,100.00%,0.120,1.75390625,0,33.33333333333333,33.33333333333333,33.33333333333333,33.33333333333333,33.33333333333333,33.33333333333333,33.33333333333333,33.33333333333333,33.33333333333333,33.33333333333333
silver_Pareidolia_gpt-oss-120b-low_1.cpp,WRONG_ANSWER,0,0.00%,16.67%,0.120,1.640625,0,0,0,0,0,0,0,0,0,0,0
silver_Pareidolia_gpt-oss-120b-low_2.cpp,ACCEPTED,333,100.91%,100.00%,0.120,1.49609375,0,33.33333333333333,33.33333333333333,33.33333333333333,33.33333333333333,33.33333333333333,33.33333333333333,33.33333333333333,33.33333333333333,33.33333333333333,33.33333333333333
silver_Pareidolia_gpt-oss-120b-low_3.cpp,ACCEPTED,333,100.91%,100.00%,0.210,97.95703125,0,33.33333333333333,33.33333333333333,33.33333333333333,33.33333333333333,33.33333333333333,33.33333333333333,33.33333333333333,33.33333333333333,33.33333333333333,33.33333333333333
silver_Pareidolia_gpt-oss-120b-low_4.cpp,ACCEPTED,333,100.91%,100.00%,0.220,126.62890625,0,33.33333333333333,33.33333333333333,33.33333333333333,33.33333333333333,33.33333333333333,33.33333333333333,33.33333333333333,33.33333333333333,33.33333333333333,33.33333333333333
silver_Pareidolia_gpt-oss-120b-low_5.cpp,ACCEPTED,333,100.91%,100.00%,0.140,32.734375,0,33.33333333333333,33.33333333333333,33.33333333333333,33.33333333333333,33.33333333333333,33.33333333333333,33.33333333333333,33.33333333333333,33.33333333333333,33.33333333333333
silver_Pareidolia_gpt-oss-120b-low_6.cpp,COMPILATION_ERROR,0,0.00%,0.00%,0.000,0,0,0,0,0,0,0,0,0,0,0,0
silver_Pareidolia_gpt-oss-120b-low_7.cpp,WRONG_ANSWER,0,0.00%,16.67%,0.120,1.49609375,0,0,0,0,0,0,0,0,0,0,0
