solution,status,score,relative_score,%test passed,time,memory,subtask_1,subtask_2,subtask_3,subtask_4,subtask_5
2024-sp_Growing_Vegetables_is_Fun_5_Qwen2.5-Coder-7B-Instruct_0.cpp,COMPILATION_ERROR,0,0.00%,0.00%,0.000,0,0,0,0,0,0
2024-sp_Growing_Vegetables_is_Fun_5_Qwen2.5-Coder-7B-Instruct_1.cpp,RUNTIME_ERROR,0,0.00%,0.00%,0.000,0,0,0,0,0,0
2024-sp_Growing_Vegetables_is_Fun_5_Qwen2.5-Coder-7B-Instruct_2.cpp,RUNTIME_ERROR,0,0.00%,0.00%,0.000,0,0,0,0,0,0
2024-sp_Growing_Vegetables_is_Fun_5_Qwen2.5-Coder-7B-Instruct_3.cpp,COMPILATION_ERROR,0,0.00%,0.00%,0.000,0,0,0,0,0,0
2024-sp_Growing_Vegetables_is_Fun_5_Qwen2.5-Coder-7B-Instruct_4.cpp,COMPILATION_ERROR,0,0.00%,0.00%,0.000,0,0,0,0,0,0
2024-sp_Growing_Vegetables_is_Fun_5_Qwen2.5-Coder-7B-Instruct_5.cpp,COMPILATION_ERROR,0,0.00%,0.00%,0.000,0,0,0,0,0,0
2024-sp_Growing_Vegetables_is_Fun_5_Qwen2.5-Coder-7B-Instruct_6.cpp,COMPILATION_ERROR,0,0.00%,0.00%,0.000,0,0,0,0,0,0
2024-sp_Growing_Vegetables_is_Fun_5_Qwen2.5-Coder-7B-Instruct_7.cpp,RUNTIME_ERROR,0,0.00%,0.00%,0.150,0,0,0,0,0,0
